0 0
1 0
2 0
3 0
4 0
5 0
6 0
6 0
7 1
7 0
8 0
8 0
8 0
9 1
9 0
10 1
10 0
11 1
11 0
12 2
12 0
13 1
13 0
14 2
14 0
15 0
15 1
16 0
16 1
17 1
17 0
18 1
18 0
19 1
19 0
20 1
20 0
21 -1
21 0
22 0
22 3
23 3
23 4
24 4
24 5
25 5
25 4
26 3
26 4
27 5
27 4
28 6
28 4
29 5
29 4
30 5
30 4
31 7
31 4
32 5
32 4
33 8
33 4
34 5
34 4
35 8
35 4
36 5
36 4
37 8
37 4
38 5
38 4
39 -1
39 4
40 9
40 4
41 4
41 10
42 4
42 10
43 11
43 10
44 4
44 10
45 11
45 10
46 4
46 10
47 11
47 10
48 10
48 10
49 4
49 10
49 10
49 12
50 10
50 4
50 10
51 10
55 10
56 10
57 10
58 10
59 10
60 10
60 10
61 4
61 10
62 10
62 13
62 10
63 14
63 15
63 10
63 4
64 4
64 10
64 16
64 10
65 17
65 18
65 14
65 19
66 16
66 14
66 4
66 15
66 20
67 14
67 17
67 15
67 21
67 20
68 14
68 20
68 10
68 22
68 23
69 14
69 10
69 24
69 4
70 14
70 24
70 4
70 19
70 20
71 22
71 25
71 14
71 10
71 20
72 14
72 26
72 27
72 4
72 20
73 28
73 29
73 10
73 22
73 20
73 20
74 29
74 28
74 30
74 27
74 26
74 20
75 29
75 28
75 19
75 10
75 31
75 20
76 32
76 19
76 10
76 28
76 33
76 20
76 20
77 29
77 10
77 19
77 28
77 31
77 20
77 34
78 29
78 10
78 19
78 35
78 28
78 36
78 34
78 33
78 20
79 28
79 29
79 19
79 30
79 31
79 34
79 20
79 36
79 33
80 28
80 19
80 30
80 37
80 33
80 33
80 34
80 36
80 38
81 28
81 19
81 38
81 39
81 29
81 38
81 40
81 41
81 33
82 19
82 38
82 42
82 39
82 36
82 34
82 38
82 33
83 28
83 19
83 38
83 29
83 38
83 40
83 39
83 33
83 33
84 19
84 43
84 29
84 28
84 44
84 34
84 45
84 33
85 46
85 39
85 47
85 33
85 48
85 49
85 33
85 33
86 46
86 39
86 48
86 47
86 33
86 44
86 45
86 33
87 46
87 48
87 50
87 51
87 33
87 52
87 33
87 33
88 53
88 48
88 33
88 54
88 55
88 50
88 33
88 33
89 56
89 46
89 50
89 52
89 51
89 33
89 33
90 50
90 46
90 52
90 51
90 56
90 33
90 33
91 50
91 56
91 57
91 58
91 54
91 33
91 51
92 50
92 57
92 33
92 59
92 52
92 60
93 61
93 62
93 54
93 56
93 58
93 60
94 51
94 61
94 63
94 33
94 52
94 60
95 63
95 61
95 33
95 52
95 51
95 60
96 52
96 33
96 61
96 63
96 51
96 60
97 33
97 64
97 65
97 66
97 60
97 67
98 64
98 67
98 68
98 60
98 61
98 63
99 33
99 67
99 69
99 65
99 63
99 60
100 67
100 68
100 63
100 61
100 60
100 64
101 70
101 63
101 67
101 60
101 65
101 64
101 71
102 67
102 65
102 72
102 60
102 64
102 63
102 73
102 33
103 72
103 65
103 63
103 67
103 60
103 64
103 71
103 70
104 72
104 67
104 65
104 60
104 63
104 70
104 71
105 74
105 75
105 76
105 77
105 78
105 79
105 80
