0 15
1 15
2 15
3 15
4 15
5 15
6 15
6 16
7 15
7 16
8 15
8 16
8 -1
9 15
9 16
10 15
10 16
11 15
11 16
12 15
12 16
13 15
13 16
14 15
14 16
15 16
15 15
16 16
16 15
17 15
17 16
18 15
18 16
19 15
19 16
20 15
20 16
21 15
21 16
22 15
22 16
23 15
23 16
24 15
24 16
25 15
25 16
26 15
26 16
27 15
27 16
28 15
28 16
29 15
29 16
30 15
30 16
31 15
31 16
32 15
32 16
33 15
33 16
34 15
34 16
35 15
35 16
36 15
36 16
37 15
37 16
38 15
38 16
39 15
39 16
40 15
40 16
41 15
41 16
42 15
42 16
43 15
43 16
44 15
44 16
45 15
45 16
46 15
46 16
47 15
47 16
48 16
48 15
49 15
49 -1
49 -1
49 16
50 15
50 -1
50 16
51 16
55 6
56 6
57 6
58 6
59 6
60 6
60 4
61 6
61 4
62 4
62 6
62 5
63 6
63 4
63 5
63 8
64 8
64 4
64 6
64 5
65 8
65 4
65 6
65 5
66 8
66 6
66 5
66 4
66 -1
67 6
67 8
67 4
67 5
67 -1
68 6
68 8
68 4
68 5
68 -1
69 6
69 4
69 8
69 5
70 6
70 9
70 5
70 4
70 10
71 5
71 9
71 6
71 4
71 10
72 6
72 9
72 5
72 4
72 10
73 6
73 9
73 4
73 5
73 10
73 13
74 9
74 6
74 4
74 5
74 10
74 13
75 9
75 6
75 5
75 4
75 10
75 13
76 9
76 5
76 4
76 6
76 10
76 13
76 -1
77 9
77 4
77 5
77 6
77 10
77 13
77 7
78 9
78 4
78 5
78 10
78 6
78 13
78 7
78 -1
78 -1
79 6
79 9
79 5
79 4
79 -1
79 7
79 10
79 13
79 -1
80 6
80 5
80 4
80 9
80 -1
80 10
80 7
80 13
80 -1
81 6
81 5
81 9
81 4
81 8
81 10
81 7
81 13
81 -1
82 5
82 9
82 6
82 4
82 8
82 7
82 10
82 13
83 6
83 5
83 9
83 8
83 10
83 7
83 4
83 13
83 11
84 5
84 9
84 8
84 6
84 10
84 7
84 13
84 11
85 9
85 6
85 5
85 7
85 8
85 10
85 13
85 11
86 9
86 6
86 8
86 5
86 7
86 10
86 13
86 11
87 9
87 8
87 6
87 5
87 7
87 10
87 13
87 11
88 9
88 8
88 7
88 10
88 5
88 6
88 11
88 13
89 7
89 9
89 8
89 10
89 5
89 11
89 13
90 8
90 9
90 10
90 5
90 7
90 11
90 13
91 8
91 7
91 9
91 10
91 11
91 13
91 5
92 8
92 9
92 11
92 7
92 10
92 13
93 9
93 8
93 11
93 7
93 10
93 13
94 8
94 9
94 7
94 11
94 10
94 13
95 7
95 9
95 11
95 10
95 8
95 13
96 10
96 11
96 9
96 7
96 8
96 13
97 11
97 8
97 9
97 7
97 13
97 10
98 8
98 10
98 11
98 13
98 9
98 7
99 11
99 10
99 8
99 9
99 7
99 13
100 10
100 11
100 7
100 9
100 13
100 8
101 11
101 7
101 10
101 13
101 9
101 8
101 14
102 10
102 9
102 11
102 13
102 8
102 7
102 14
102 12
103 11
103 9
103 7
103 10
103 13
103 8
103 14
103 12
104 11
104 10
104 9
104 13
104 7
104 12
104 14
105 11
105 7
105 10
105 13
105 9
105 12
105 14
